0 (115, 115, 115, 255)
1 (115, 115, 115, 255)
2 (115, 115, 115, 255)
3 (115, 115, 115, 255)
4 (115, 115, 115, 255)
5 (109, 109, 109, 255)
6 (109, 109, 109, 255)
7 (109, 109, 109, 255)
8 (109, 109, 109, 255)
9 (109, 109, 109, 255)
10 (109, 109, 109, 255)
11 (109, 109, 109, 255)
12 (97, 97, 97, 255)
13 (97, 97, 97, 255)
14 (97, 97, 97, 255)
15 (97, 97, 97, 255)
16 (97, 97, 97, 255)
17 (97, 97, 97, 255)
18 (97, 97, 97, 255)
19 (114, 114, 114, 255)
20 (114, 114, 114, 255)
21 (114, 114, 114, 255)
22 (114, 114, 114, 255)
23 (114, 114, 114, 255)
24 (114, 114, 114, 255)
25 (114, 114, 114, 255)
26 (116, 116, 116, 255)
27 (116, 116, 116, 255)
28 (116, 116, 116, 255)
29 (116, 116, 116, 255)
30 (116, 116, 116, 255)
31 (116, 116, 116, 255)
32 (116, 116, 116, 255)
33 (32, 32, 32, 255)
34 (32, 32, 32, 255)
35 (32, 32, 32, 255)
36 (32, 32, 32, 255)
37 (32, 32, 32, 255)
38 (32, 32, 32, 255)
39 (32, 32, 32, 255)
40 (103, 103, 103, 255)
41 (103, 103, 103, 255)
42 (103, 103, 103, 255)
43 (103, 103, 103, 255)
44 (103, 103, 103, 255)
45 (103, 103, 103, 255)
46 (103, 103, 103, 255)
47 (117, 117, 117, 255)
48 (117, 117, 117, 255)
49 (117, 117, 117, 255)
50 (117, 117, 117, 255)
51 (117, 117, 117, 255)
52 (117, 117, 117, 255)
53 (117, 117, 117, 255)
54 (121, 121, 121, 255)
55 (121, 121, 121, 255)
56 (121, 121, 121, 255)
57 (121, 121, 121, 255)
58 (121, 121, 121, 255)
59 (121, 121, 121, 255)
60 (121, 121, 121, 255)
61 (44, 44, 44, 255)
62 (44, 44, 44, 255)
63 (44, 44, 44, 255)
64 (44, 44, 44, 255)
65 (44, 44, 44, 255)
66 (44, 44, 44, 255)
67 (44, 44, 44, 255)
68 (32, 32, 32, 255)
69 (32, 32, 32, 255)
70 (32, 32, 32, 255)
71 (32, 32, 32, 255)
72 (32, 32, 32, 255)
73 (32, 32, 32, 255)
74 (32, 32, 32, 255)
75 (121, 121, 121, 255)
76 (121, 121, 121, 255)
77 (121, 121, 121, 255)
78 (121, 121, 121, 255)
79 (121, 121, 121, 255)
80 (121, 121, 121, 255)
81 (121, 121, 121, 255)
82 (111, 111, 111, 255)
83 (111, 111, 111, 255)
84 (111, 111, 111, 255)
85 (111, 111, 111, 255)
86 (111, 111, 111, 255)
87 (111, 111, 111, 255)
88 (111, 111, 111, 255)
89 (117, 117, 117, 255)
90 (117, 117, 117, 255)
91 (117, 117, 117, 255)
92 (117, 117, 117, 255)
93 (117, 117, 117, 255)
94 (117, 117, 117, 255)
95 (117, 117, 117, 255)
96 (32, 32, 32, 255)
97 (32, 32, 32, 255)
98 (32, 32, 32, 255)
99 (32, 32, 32, 255)
100 (32, 32, 32, 255)
101 (32, 32, 32, 255)
102 (32, 32, 32, 255)
103 (109, 109, 109, 255)
104 (109, 109, 109, 255)
105 (109, 109, 109, 255)
106 (109, 109, 109, 255)
107 (109, 109, 109, 255)
108 (109, 109, 109, 255)
109 (109, 109, 109, 255)
110 (97, 97, 97, 255)
111 (97, 97, 97, 255)
112 (97, 97, 97, 255)
113 (97, 97, 97, 255)
114 (97, 97, 97, 255)
115 (97, 97, 97, 255)
116 (97, 97, 97, 255)
117 (100, 100, 100, 255)
118 (100, 100, 100, 255)
119 (100, 100, 100, 255)
120 (100, 100, 100, 255)
121 (100, 100, 100, 255)
122 (100, 100, 100, 255)
123 (100, 100, 100, 255)
124 (101, 101, 101, 255)
125 (101, 101, 101, 255)
126 (101, 101, 101, 255)
127 (101, 101, 101, 255)
128 (101, 101, 101, 255)
129 (101, 101, 101, 255)
130 (101, 101, 101, 255)
131 (32, 32, 32, 255)
132 (32, 32, 32, 255)
133 (32, 32, 32, 255)
134 (32, 32, 32, 255)
135 (32, 32, 32, 255)
136 (32, 32, 32, 255)
137 (32, 32, 32, 255)
138 (105, 105, 105, 255)
139 (105, 105, 105, 255)
140 (105, 105, 105, 255)
141 (105, 105, 105, 255)
142 (105, 105, 105, 255)
143 (105, 105, 105, 255)
144 (105, 105, 105, 255)
145 (116, 116, 116, 255)
146 (116, 116, 116, 255)
147 (116, 116, 116, 255)
148 (116, 116, 116, 255)
149 (116, 116, 116, 255)
150 (116, 116, 116, 255)
151 (116, 116, 116, 255)
152 (46, 46, 46, 255)
153 (46, 46, 46, 255)
154 (46, 46, 46, 255)
155 (46, 46, 46, 255)
156 (46, 46, 46, 255)
157 (46, 46, 46, 255)
158 (46, 46, 46, 255)
159 (32, 32, 32, 255)
160 (32, 32, 32, 255)
161 (32, 32, 32, 255)
162 (32, 32, 32, 255)
163 (32, 32, 32, 255)
164 (32, 32, 32, 255)
165 (32, 32, 32, 255)
166 (116, 116, 116, 255)
167 (116, 116, 116, 255)
168 (116, 116, 116, 255)
169 (116, 116, 116, 255)
170 (116, 116, 116, 255)
171 (116, 116, 116, 255)
172 (116, 116, 116, 255)
173 (104, 104, 104, 255)
174 (104, 104, 104, 255)
175 (104, 104, 104, 255)
176 (104, 104, 104, 255)
177 (104, 104, 104, 255)
178 (104, 104, 104, 255)
179 (104, 104, 104, 255)
180 (101, 101, 101, 255)
181 (101, 101, 101, 255)
182 (101, 101, 101, 255)
183 (101, 101, 101, 255)
184 (101, 101, 101, 255)
185 (101, 101, 101, 255)
186 (101, 101, 101, 255)
187 (32, 32, 32, 255)
188 (32, 32, 32, 255)
189 (32, 32, 32, 255)
190 (32, 32, 32, 255)
191 (32, 32, 32, 255)
192 (32, 32, 32, 255)
193 (32, 32, 32, 255)
194 (110, 110, 110, 255)
195 (110, 110, 110, 255)
196 (110, 110, 110, 255)
197 (110, 110, 110, 255)
198 (110, 110, 110, 255)
199 (110, 110, 110, 255)
200 (110, 110, 110, 255)
201 (101, 101, 101, 255)
202 (101, 101, 101, 255)
203 (101, 101, 101, 255)
204 (101, 101, 101, 255)
205 (101, 101, 101, 255)
206 (101, 101, 101, 255)
207 (101, 101, 101, 255)
208 (120, 120, 120, 255)
209 (120, 120, 120, 255)
210 (120, 120, 120, 255)
211 (120, 120, 120, 255)
212 (120, 120, 120, 255)
213 (120, 120, 120, 255)
214 (120, 120, 120, 255)
215 (116, 116, 116, 255)
216 (116, 116, 116, 255)
217 (116, 116, 116, 255)
218 (116, 116, 116, 255)
219 (116, 116, 116, 255)
220 (116, 116, 116, 255)
221 (116, 116, 116, 255)
222 (32, 32, 32, 255)
223 (32, 32, 32, 255)
224 (32, 32, 32, 255)
225 (32, 32, 32, 255)
226 (32, 32, 32, 255)
227 (32, 32, 32, 255)
228 (32, 32, 32, 255)
229 (108, 108, 108, 255)
230 (108, 108, 108, 255)
231 (108, 108, 108, 255)
232 (108, 108, 108, 255)
233 (108, 108, 108, 255)
234 (108, 108, 108, 255)
235 (108, 108, 108, 255)
236 (101, 101, 101, 255)
237 (101, 101, 101, 255)
238 (101, 101, 101, 255)
239 (101, 101, 101, 255)
240 (101, 101, 101, 255)
241 (101, 101, 101, 255)
242 (101, 101, 101, 255)
243 (118, 118, 118, 255)
244 (118, 118, 118, 255)
245 (118, 118, 118, 255)
246 (118, 118, 118, 255)
247 (118, 118, 118, 255)
248 (118, 118, 118, 255)
249 (118, 118, 118, 255)
250 (101, 101, 101, 255)
251 (101, 101, 101, 255)
252 (101, 101, 101, 255)
253 (101, 101, 101, 255)
254 (101, 101, 101, 255)
255 (101, 101, 101, 255)
256 (101, 101, 101, 255)
257 (108, 108, 108, 255)
258 (108, 108, 108, 255)
259 (108, 108, 108, 255)
260 (108, 108, 108, 255)
261 (108, 108, 108, 255)
262 (108, 108, 108, 255)
263 (108, 108, 108, 255)
264 (32, 32, 32, 255)
265 (32, 32, 32, 255)
266 (32, 32, 32, 255)
267 (32, 32, 32, 255)
268 (32, 32, 32, 255)
269 (32, 32, 32, 255)
270 (32, 32, 32, 255)
271 (105, 105, 105, 255)
272 (105, 105, 105, 255)
273 (105, 105, 105, 255)
274 (105, 105, 105, 255)
275 (105, 105, 105, 255)
276 (105, 105, 105, 255)
277 (105, 105, 105, 255)
278 (115, 115, 115, 255)
279 (115, 115, 115, 255)
280 (115, 115, 115, 255)
281 (115, 115, 115, 255)
282 (115, 115, 115, 255)
283 (115, 115, 115, 255)
284 (115, 115, 115, 255)
285 (32, 32, 32, 255)
286 (32, 32, 32, 255)
287 (32, 32, 32, 255)
288 (32, 32, 32, 255)
289 (32, 32, 32, 255)
290 (32, 32, 32, 255)
291 (32, 32, 32, 255)
292 (91, 91, 91, 255)
293 (91, 91, 91, 255)
294 (91, 91, 91, 255)
295 (91, 91, 91, 255)
296 (91, 91, 91, 255)
297 (91, 91, 91, 255)
298 (91, 91, 91, 255)
299 (49, 49, 49, 255)
300 (49, 49, 49, 255)
301 (49, 49, 49, 255)
302 (49, 49, 49, 255)
303 (49, 49, 49, 255)
304 (49, 49, 49, 255)
305 (49, 49, 49, 255)
306 (48, 48, 48, 255)
307 (48, 48, 48, 255)
308 (48, 48, 48, 255)
309 (48, 48, 48, 255)
310 (48, 48, 48, 255)
311 (48, 48, 48, 255)
312 (48, 48, 48, 255)
313 (53, 53, 53, 255)
314 (53, 53, 53, 255)
315 (53, 53, 53, 255)
316 (53, 53, 53, 255)
317 (53, 53, 53, 255)
318 (53, 53, 53, 255)
319 (53, 53, 53, 255)
320 (44, 44, 44, 255)
321 (44, 44, 44, 255)
322 (44, 44, 44, 255)
323 (44, 44, 44, 255)
324 (44, 44, 44, 255)
325 (44, 44, 44, 255)
326 (44, 44, 44, 255)
327 (32, 32, 32, 255)
328 (32, 32, 32, 255)
329 (32, 32, 32, 255)
330 (32, 32, 32, 255)
331 (32, 32, 32, 255)
332 (32, 32, 32, 255)
333 (32, 32, 32, 255)
334 (49, 49, 49, 255)
335 (49, 49, 49, 255)
336 (49, 49, 49, 255)
337 (49, 49, 49, 255)
338 (49, 49, 49, 255)
339 (49, 49, 49, 255)
340 (49, 49, 49, 255)
341 (49, 49, 49, 255)
342 (49, 49, 49, 255)
343 (49, 49, 49, 255)
344 (49, 49, 49, 255)
345 (49, 49, 49, 255)
346 (49, 49, 49, 255)
347 (49, 49, 49, 255)
348 (48, 48, 48, 255)
349 (48, 48, 48, 255)
350 (48, 48, 48, 255)
351 (48, 48, 48, 255)
352 (48, 48, 48, 255)
353 (48, 48, 48, 255)
354 (48, 48, 48, 255)
355 (44, 44, 44, 255)
356 (44, 44, 44, 255)
357 (44, 44, 44, 255)
358 (44, 44, 44, 255)
359 (44, 44, 44, 255)
360 (44, 44, 44, 255)
361 (44, 44, 44, 255)
362 (32, 32, 32, 255)
363 (32, 32, 32, 255)
364 (32, 32, 32, 255)
365 (32, 32, 32, 255)
366 (32, 32, 32, 255)
367 (32, 32, 32, 255)
368 (32, 32, 32, 255)
369 (49, 49, 49, 255)
370 (49, 49, 49, 255)
371 (49, 49, 49, 255)
372 (49, 49, 49, 255)
373 (49, 49, 49, 255)
374 (49, 49, 49, 255)
375 (49, 49, 49, 255)
376 (49, 49, 49, 255)
377 (49, 49, 49, 255)
378 (49, 49, 49, 255)
379 (49, 49, 49, 255)
380 (49, 49, 49, 255)
381 (49, 49, 49, 255)
382 (49, 49, 49, 255)
383 (54, 54, 54, 255)
384 (54, 54, 54, 255)
385 (54, 54, 54, 255)
386 (54, 54, 54, 255)
387 (54, 54, 54, 255)
388 (54, 54, 54, 255)
389 (54, 54, 54, 255)
390 (44, 44, 44, 255)
391 (44, 44, 44, 255)
392 (44, 44, 44, 255)
393 (44, 44, 44, 255)
394 (44, 44, 44, 255)
395 (44, 44, 44, 255)
396 (44, 44, 44, 255)
397 (32, 32, 32, 255)
398 (32, 32, 32, 255)
399 (32, 32, 32, 255)
400 (32, 32, 32, 255)
401 (32, 32, 32, 255)
402 (32, 32, 32, 255)
403 (32, 32, 32, 255)
404 (49, 49, 49, 255)
405 (49, 49, 49, 255)
406 (49, 49, 49, 255)
407 (49, 49, 49, 255)
408 (49, 49, 49, 255)
409 (49, 49, 49, 255)
410 (49, 49, 49, 255)
411 (48, 48, 48, 255)
412 (48, 48, 48, 255)
413 (48, 48, 48, 255)
414 (48, 48, 48, 255)
415 (48, 48, 48, 255)
416 (48, 48, 48, 255)
417 (48, 48, 48, 255)
418 (49, 49, 49, 255)
419 (49, 49, 49, 255)
420 (49, 49, 49, 255)
421 (49, 49, 49, 255)
422 (49, 49, 49, 255)
423 (49, 49, 49, 255)
424 (49, 49, 49, 255)
425 (44, 44, 44, 255)
426 (44, 44, 44, 255)
427 (44, 44, 44, 255)
428 (44, 44, 44, 255)
429 (44, 44, 44, 255)
430 (44, 44, 44, 255)
431 (44, 44, 44, 255)
432 (32, 32, 32, 255)
433 (32, 32, 32, 255)
434 (32, 32, 32, 255)
435 (32, 32, 32, 255)
436 (32, 32, 32, 255)
437 (32, 32, 32, 255)
438 (32, 32, 32, 255)
439 (49, 49, 49, 255)
440 (49, 49, 49, 255)
441 (49, 49, 49, 255)
442 (49, 49, 49, 255)
443 (49, 49, 49, 255)
444 (49, 49, 49, 255)
445 (49, 49, 49, 255)
446 (48, 48, 48, 255)
447 (48, 48, 48, 255)
448 (48, 48, 48, 255)
449 (48, 48, 48, 255)
450 (48, 48, 48, 255)
451 (48, 48, 48, 255)
452 (48, 48, 48, 255)
453 (51, 51, 51, 255)
454 (51, 51, 51, 255)
455 (51, 51, 51, 255)
456 (51, 51, 51, 255)
457 (51, 51, 51, 255)
458 (51, 51, 51, 255)
459 (51, 51, 51, 255)
460 (44, 44, 44, 255)
461 (44, 44, 44, 255)
462 (44, 44, 44, 255)
463 (44, 44, 44, 255)
464 (44, 44, 44, 255)
465 (44, 44, 44, 255)
466 (44, 44, 44, 255)
467 (32, 32, 32, 255)
468 (32, 32, 32, 255)
469 (32, 32, 32, 255)
470 (32, 32, 32, 255)
471 (32, 32, 32, 255)
472 (32, 32, 32, 255)
473 (32, 32, 32, 255)
474 (49, 49, 49, 255)
475 (49, 49, 49, 255)
476 (49, 49, 49, 255)
477 (49, 49, 49, 255)
478 (49, 49, 49, 255)
479 (49, 49, 49, 255)
480 (49, 49, 49, 255)
481 (49, 49, 49, 255)
482 (49, 49, 49, 255)
483 (49, 49, 49, 255)
484 (49, 49, 49, 255)
485 (49, 49, 49, 255)
486 (49, 49, 49, 255)
487 (49, 49, 49, 255)
488 (52, 52, 52, 255)
489 (52, 52, 52, 255)
490 (52, 52, 52, 255)
491 (52, 52, 52, 255)
492 (52, 52, 52, 255)
493 (52, 52, 52, 255)
494 (52, 52, 52, 255)
495 (44, 44, 44, 255)
496 (44, 44, 44, 255)
497 (44, 44, 44, 255)
498 (44, 44, 44, 255)
499 (44, 44, 44, 255)
500 (44, 44, 44, 255)
501 (44, 44, 44, 255)
502 (32, 32, 32, 255)
503 (32, 32, 32, 255)
504 (32, 32, 32, 255)
505 (32, 32, 32, 255)
506 (32, 32, 32, 255)
507 (32, 32, 32, 255)
508 (32, 32, 32, 255)
509 (49, 49, 49, 255)
510 (49, 49, 49, 255)
511 (49, 49, 49, 255)
512 (49, 49, 49, 255)
513 (49, 49, 49, 255)
514 (49, 49, 49, 255)
515 (49, 49, 49, 255)
516 (48, 48, 48, 255)
517 (48, 48, 48, 255)
518 (48, 48, 48, 255)
519 (48, 48, 48, 255)
520 (48, 48, 48, 255)
521 (48, 48, 48, 255)
522 (48, 48, 48, 255)
523 (53, 53, 53, 255)
524 (53, 53, 53, 255)
525 (53, 53, 53, 255)
526 (53, 53, 53, 255)
527 (53, 53, 53, 255)
528 (53, 53, 53, 255)
529 (53, 53, 53, 255)
530 (44, 44, 44, 255)
531 (44, 44, 44, 255)
532 (44, 44, 44, 255)
533 (44, 44, 44, 255)
534 (44, 44, 44, 255)
535 (44, 44, 44, 255)
536 (44, 44, 44, 255)
537 (32, 32, 32, 255)
538 (32, 32, 32, 255)
539 (32, 32, 32, 255)
540 (32, 32, 32, 255)
541 (32, 32, 32, 255)
542 (32, 32, 32, 255)
543 (32, 32, 32, 255)
544 (49, 49, 49, 255)
545 (49, 49, 49, 255)
546 (49, 49, 49, 255)
547 (49, 49, 49, 255)
548 (49, 49, 49, 255)
549 (49, 49, 49, 255)
550 (49, 49, 49, 255)
551 (49, 49, 49, 255)
552 (49, 49, 49, 255)
553 (49, 49, 49, 255)
554 (49, 49, 49, 255)
555 (49, 49, 49, 255)
556 (49, 49, 49, 255)
557 (49, 49, 49, 255)
558 (54, 54, 54, 255)
559 (54, 54, 54, 255)
560 (54, 54, 54, 255)
561 (54, 54, 54, 255)
562 (54, 54, 54, 255)
563 (54, 54, 54, 255)
564 (54, 54, 54, 255)
565 (44, 44, 44, 255)
566 (44, 44, 44, 255)
567 (44, 44, 44, 255)
568 (44, 44, 44, 255)
569 (44, 44, 44, 255)
570 (44, 44, 44, 255)
571 (44, 44, 44, 255)
572 (32, 32, 32, 255)
573 (32, 32, 32, 255)
574 (32, 32, 32, 255)
575 (32, 32, 32, 255)
576 (32, 32, 32, 255)
577 (32, 32, 32, 255)
578 (32, 32, 32, 255)
579 (49, 49, 49, 255)
580 (49, 49, 49, 255)
581 (49, 49, 49, 255)
582 (49, 49, 49, 255)
583 (49, 49, 49, 255)
584 (49, 49, 49, 255)
585 (49, 49, 49, 255)
586 (50, 50, 50, 255)
587 (50, 50, 50, 255)
588 (50, 50, 50, 255)
589 (50, 50, 50, 255)
590 (50, 50, 50, 255)
591 (50, 50, 50, 255)
592 (50, 50, 50, 255)
593 (49, 49, 49, 255)
594 (49, 49, 49, 255)
595 (49, 49, 49, 255)
596 (49, 49, 49, 255)
597 (49, 49, 49, 255)
598 (49, 49, 49, 255)
599 (49, 49, 49, 255)
600 (93, 93, 93, 255)
601 (93, 93, 93, 255)
602 (93, 93, 93, 255)
603 (93, 93, 93, 255)
604 (93, 93, 93, 255)
605 (93, 93, 93, 255)
606 (93, 93, 93, 255)
607 (93, 93, 93, 255)
608 (114, 112, 71, 255)
609 (112, 110, 69, 255)
610 (110, 108, 67, 255)
611 (103, 100, 59, 255)
612 (98, 95, 54, 255)
613 (101, 98, 55, 255)
614 (109, 105, 60, 255)
615 (107, 100, 58, 255)
616 (101, 92, 51, 255)
617 (106, 97, 58, 255)
618 (108, 99, 60, 255)
619 (102, 94, 57, 255)
620 (99, 91, 54, 255)
621 (97, 87, 51, 255)
622 (94, 82, 44, 255)
623 (95, 83, 45, 255)
624 (98, 86, 48, 255)
625 (97, 84, 49, 255)
626 (95, 82, 47, 255)
627 (97, 83, 46, 255)
628 (99, 85, 46, 255)
